
% =========== File Auto generated ===========
 
x = [-3.1377944726557985 -3.1377944726557985 -2.4268851042997186 -2.4268851042997186 -2.3583665341168443 -2.3583665341168443 -2.3422531141795004 -2.3422531141795004 -2.326429855201535 -2.326429855201535 -2.272020840853685 -2.272020840853685 -2.2358052317750254 -2.2358052317750254 -2.230107839590404 -2.230107839590404 -2.2018262641607205 -2.2018262641607205 -2.178811138585066 -2.178811138585066 -2.1761934322578393 -2.1761934322578393 -2.1669240008520707 -2.1669240008520707 -2.165433803872688 -2.165433803872688 -2.1514366827426445 -2.1514366827426445 -2.1332671668411556 -2.1332671668411556 -2.1005608100780226 -2.1005608100780226 -2.0812006012238555 -2.0812006012238555 -2.0594417963905935 -2.0594417963905935 -1.9929623699914825 -1.9929623699914825 -1.9616379110849085 -1.9616379110849085 -1.9568453288534284 -1.9568453288534284 -1.9403039239509563 -1.9403039239509563 -1.9121299722380627 -1.9121299722380627 -1.8970426594969672 -1.8970426594969672 -1.8914585841369491 -1.8914585841369491 -1.8563411313998144 -1.8563411313998144 -1.826283001804709 -1.826283001804709 -1.7389063978084924 -1.7389063978084924 -1.7294633866805547 -1.7294633866805547 -1.7188716264391044 -1.7188716264391044 -1.6656634807819466 -1.6656634807819466 -1.6619117946910487 -1.6619117946910487 -1.6500999383869115 -1.6500999383869115 -1.6390695640234532 -1.6390695640234532 -1.6386410778564344 -1.6386410778564344 -1.6189022502021406 -1.6189022502021406 -1.585473562734406 -1.585473562734406 -1.562646066061792 -1.562646066061792 -1.5479987371916915 -1.5479987371916915 -1.528481311063234 -1.528481311063234 -1.5239676725278932 -1.5239676725278932 -1.5221059713957628 -1.5221059713957628 -1.5137290339552072 -1.5137290339552072 -1.513075503143817 -1.513075503143817 -1.4984426192966893 -1.4984426192966893 -1.4839195058172177 -1.4839195058172177 -1.4811085572040577 -1.4811085572040577 -1.471984829298286 -1.471984829298286 -1.464415080115792 -1.464415080115792 -1.4596823831863006 -1.4596823831863006 -1.4561593266879453 -1.4561593266879453 -1.4555058113523354 -1.4555058113523354 -1.4506232521704712 -1.4506232521704712 -1.4350469221322282 -1.4350469221322282 -1.4184643787388 -1.4184643787388 -1.4030927283736652 -1.4030927283736652 -1.3944746979533118 -1.3944746979533118 -1.3751364204170078 -1.3751364204170078 -1.37459402678662 -1.37459402678662 -1.3689483020311686 -1.3689483020311686 -1.3630002885392476 -1.3630002885392476 -1.3563410975095058 -1.3563410975095058 -1.348118544593391 -1.348118544593391 -1.3335393059991634 -1.3335393059991634 -1.3116484321619044 -1.3116484321619044 -1.3015014453317144 -1.3015014453317144 -1.2778355991869716 -1.2778355991869716 -1.2702427184954932 -1.2702427184954932 -1.2615220404695868 -1.2615220404695868 -1.2547288664486511 -1.2547288664486511 -1.2457725193060516 -1.2457725193060516 -1.233758177597947 -1.233758177597947 -1.2326592479886198 -1.2326592479886198 -1.2253510598547583 -1.2253510598547583 -1.2230562612806728 -1.2230562612806728 -1.2214095798914903 -1.2214095798914903 -1.2211660726435405 -1.2211660726435405 -1.2196829073430047 -1.2196829073430047 -1.216353602725291 -1.216353602725291 -1.2129700099361747 -1.2129700099361747 -1.1986087380007497 -1.1986087380007497 -1.1978518080250042 -1.1978518080250042 -1.192473554780324 -1.192473554780324 -1.1825719235906362 -1.1825719235906362 -1.1731565432986832 -1.1731565432986832 -1.1624528976892323 -1.1624528976892323 -1.139375875882044 -1.139375875882044 -1.1376177393945328 -1.1376177393945328 -1.136016955471848 -1.136016955471848 -1.1232931102591555 -1.1232931102591555 -1.1207140923566332 -1.1207140923566332 -1.1007816668204429 -1.1007816668204429 -1.0927137499922757 -1.0927137499922757 -1.0831289512428808 -1.0831289512428808 -1.0759960923583496 -1.0759960923583496 -1.0731798210887524 -1.0731798210887524 -1.0695454023530204 -1.0695454023530204 -1.068512205329033 -1.068512205329033 -1.0669710425337906 -1.0669710425337906 -1.0665352450745478 -1.0665352450745478 -1.051665297603944 -1.051665297603944 -1.0480154402922004 -1.0480154402922004 -1.0461446937034022 -1.0461446937034022 -1.039638298433787 -1.039638298433787 -1.0382280015778882 -1.0382280015778882 -1.0268515265064981 -1.0268515265064981 -1.026265652647985 -1.026265652647985 -1.021378567249208 -1.021378567249208 -1.0197304762869581 -1.0197304762869581 -1.0192611947411887 -1.0192611947411887 -1.0151236806361785 -1.0151236806361785 -1.0112797453604008 -1.0112797453604008 -1.0068890314609495 -1.0068890314609495 -0.9927431907514367 -0.9927431907514367 -0.9905792101320999 -0.9905792101320999 -0.9903086660822069 -0.9903086660822069 -0.9812627732550325 -0.9812627732550325 -0.9801046919799958 -0.9801046919799958 -0.9800727832106592 -0.9800727832106592 -0.9788055222411385 -0.9788055222411385 -0.9762817781113649 -0.9762817781113649 -0.9639308463180215 -0.9639308463180215 -0.9502718750333459 -0.9502718750333459 -0.9378064450095147 -0.9378064450095147 -0.9372704613256768 -0.9372704613256768 -0.9342591460817554 -0.9342591460817554 -0.9207223746376823 -0.9207223746376823 -0.9050090105333553 -0.9050090105333553 -0.9027011156885081 -0.9027011156885081 -0.8955484361829518 -0.8955484361829518 -0.8951032281596198 -0.8951032281596198 -0.8921171708145037 -0.8921171708145037 -0.8905821453881092 -0.8905821453881092 -0.8891596086374205 -0.8891596086374205 -0.8821225837654865 -0.8821225837654865 -0.8685880429419512 -0.8685880429419512 -0.868204376185892 -0.868204376185892 -0.8575016736611518 -0.8575016736611518 -0.8460943734555971 -0.8460943734555971 -0.8446087238391436 -0.8446087238391436 -0.8385927625193501 -0.8385927625193501 -0.8375696711385139 -0.8375696711385139 -0.8332519091897401 -0.8332519091897401 -0.8147774918128907 -0.8147774918128907 -0.8027139043885402 -0.8027139043885402 -0.7999631620118235 -0.7999631620118235 -0.7962878363925422 -0.7962878363925422 -0.7927754319108803 -0.7927754319108803 -0.7854314763630386 -0.7854314763630386 -0.7835539083336447 -0.7835539083336447 -0.781229379414322 -0.781229379414322 -0.7789276512703778 -0.7789276512703778 -0.7762132098737671 -0.7762132098737671 -0.7715539550136234 -0.7715539550136234 -0.7705609478497938 -0.7705609478497938 -0.7587098728735098 -0.7587098728735098 -0.7534333779322852 -0.7534333779322852 -0.7464313458446543 -0.7464313458446543 -0.7354444798695736 -0.7354444798695736 -0.731283016177479 -0.731283016177479 -0.7272664890590603 -0.7272664890590603 -0.7248443421756783 -0.7248443421756783 -0.7237296314937762 -0.7237296314937762 -0.7214326043874442 -0.7214326043874442 -0.7199383118146857 -0.7199383118146857 -0.718196610000945 -0.718196610000945 -0.7145198334305654 -0.7145198334305654 -0.7129723604944614 -0.7129723604944614 -0.7125520944220456 -0.7125520944220456 -0.7092895007617789 -0.7092895007617789 -0.6949177941434541 -0.6949177941434541 -0.6918593551898179 -0.6918593551898179 -0.6834613404757566 -0.6834613404757566 -0.6811644107392409 -0.6811644107392409 -0.6806681166970898 -0.6806681166970898 -0.6775235462631393 -0.6775235462631393 -0.6720169008697922 -0.6720169008697922 -0.6665394936756008 -0.6665394936756008 -0.6446816255641526 -0.6446816255641526 -0.6404844911135473 -0.6404844911135473 -0.6326266933680013 -0.6326266933680013 -0.6276599354734813 -0.6276599354734813 -0.6230210413401598 -0.6230210413401598 -0.621693197860817 -0.621693197860817 -0.6206871648345162 -0.6206871648345162 -0.6185601112061895 -0.6185601112061895 -0.6153833894095093 -0.6153833894095093 -0.6152234852777649 -0.6152234852777649 -0.6142858552332122 -0.6142858552332122 -0.6117594815974402 -0.6117594815974402 -0.5892802891355464 -0.5892802891355464 -0.5875825155407215 -0.5875825155407215 -0.5861647365287053 -0.5861647365287053 -0.5816938817273768 -0.5816938817273768 -0.5799203532819692 -0.5799203532819692 -0.5793008114099224 -0.5793008114099224 -0.5764014163935484 -0.5764014163935484 -0.5614553079761891 -0.5614553079761891 -0.5573091617103199 -0.5573091617103199 -0.5570263260994753 -0.5570263260994753 